21185	0.7165331
12567	1.1485933
275	0.7809698
21176	0.48822242
195	0.5229533
21	0.4269699
4271	0.47124794
11969	0.380555
33714	0.37424693
12887	0.34611058
15312	0.29111627
11723	0.25995114
8119	0.26561752
186	0.2322276
17	0.3066475
20691	0.31782526
54103	0.27149194
8328	0.29086956
16117	0.26308563
34540	0.27055955
17616	0.2920024
12018	0.20214073
185	0.28210092
87748	0.22365542
19237	0.28283653
25514	0.20888834
8918	0.24037397
61	0.22507973
51930	0.25024608
8069	0.25175324
18455	0.21248697
21	0.20587993
8314	0.2451406
23284	0.19975607
932	0.20088358
35	0.17660418
427	0.19146371
17937	0.21207674
18	0.18086855
8056	0.21508957
13	0.18288448
17804	0.21336833
19049	0.18853578
17	0.1788107
2329	0.2016124
12110	0.17395167
30860	0.19595797
8549	0.15326358
18	0.1815086
9266	0.18852106
17992	0.16512449
4235	0.16365449
11725	0.16180794
16117	0.15060888
20	0.16908285
2388	0.20377934
4470	0.19538312
15949	0.17361614
15031	0.19986679
8314	0.19689861
20987	0.17863004
8657	0.17412181
5196	0.15425943
75709	0.22340399
15433	0.20758943
12759	0.16806898
4541	0.18921289
15251	0.1687986
4284	0.18809989
29158	0.17178431
38	0.14402483
9334	0.17433871
324	0.20577827
20982	0.17546263
8070	0.1694236
8594	0.13274708
15031	0.17579061
61174	0.17687511
16117	0.13739528
20920	0.14414543
15660	0.16156103
61059	0.15429085
2388	0.17911197
32110	0.1488852
20690	0.14386287
50031	0.19208887
8549	0.18535356
9868	0.15342912
18	0.18479879
11449	0.18928881
61	0.13193339
21	0.16844468
17937	0.17321071
628	0.17349389
29271	0.14670828
5412	0.1607066
17	0.16191725
11917	0.17446648
34240	0.1613901
1817	0.16006812
33827	0.15191442
12666	0.15338592
9334	0.15135688
18784	0.15862542
15031	0.16317737
5196	0.1666546
18455	0.14711338
61059	0.1530204
8020	0.1951658
12006	0.1318927
4270	0.16277617
23086	0.14108348
15096	0.1442572
23	0.15560368
4196	0.16285472
71831	0.17270428
8112	0.16799682
18239	0.14463265
324	0.16369952
14808	0.15524948
3401	0.12922311
16117	0.15215382
61787	0.15139616
9659	0.15739036
32109	0.15256207
8549	0.15469639
17	0.16258201
8594	0.17131455
23086	0.14614485
8070	0.16002801
14898	0.1317456
21	0.18027586
38176	0.15937345
11724	0.13879381
12759	0.15979134
4369	0.14876743
50031	0.15244035
4255	0.16655833
39	0.16670649
15156	0.1574279
62	0.14409293
13	0.1549315
8918	0.123826936
27537	0.13096456
61059	0.1598717
11587	0.16451935
47557	0.12875196
1481	0.15753853
33838	0.1447813
12984	0.16714804
18239	0.13104711
9095	0.1452303
18	0.12807815
4196	0.16136083
62	0.14597283
14890	0.17217161
15031	0.13920692
11670	0.15573692
628	0.1634017
23121	0.13378765
11461	0.1361261
4235	0.14492202
18455	0.14989947
9334	0.17006004
8314	0.16083209
29271	0.13136552
324	0.16819936
15031	0.16326931
20691	0.1621721
4470	0.13098818
61	0.15892832
25363	0.1383935
4271	0.14856294
23	0.1437671
9868	0.1569675
18455	0.14801879
1556	0.14464274
18239	0.14379205
15433	0.1868909
12759	0.13860705
12434	0.16092499
17	0.16598485
24139	0.16287167
4325	0.1505742
20562	0.13516213
4556	0.17156965
14999	0.14815226
12666	0.1615178
71822	0.13038714
3940	0.14767323
33838	0.14892283
38319	0.14873964
427	0.13587739
12984	0.15818468
18288	0.13654844
1753	0.1272271
29271	0.13632414
13	0.14284782
11824	0.1306944
18	0.14269614
3076	0.1635043
15031	0.14936328
8549	0.15440542
20636	0.1415957
1817	0.12929593
34219	0.1333216
4169	0.14407685
50031	0.15725042
17893	0.16271947
61059	0.15207411
324	0.16100901
23604	0.14848742
8314	0.12638336
18	0.13724433
4196	0.15214974
62	0.13620527
15949	0.15556931
4235	0.14708216
32109	0.15600768
8070	0.13286732
49875	0.1404038
11917	0.16265503
12006	0.15900843
4311	0.13912149
16117	0.16950403
23086	0.108036004
453	0.13648775
18168	0.12241106
62	0.14834245
859	0.16273385
50031	0.15661715
8549	0.15813641
34219	0.1272997
3401	0.15634054
13285	0.13874544
9334	0.13930377
18784	0.16614892
21	0.15124664
18455	0.13639043
4325	0.14041746
12666	0.1409448
14808	0.14723004
11725	0.11935636
4369	0.12117698
18	0.15613933
12984	0.14352097
23	0.13141832
4271	0.14439252
18288	0.14133388
185	0.1362596
33838	0.14215718
3076	0.14617488
75577	0.15834251
17937	0.14763695
23256	0.123922825
536	0.14541143
61059	0.14654624
2388	0.15300266
23208	0.13919415
34941	0.1294215
16117	0.13365641
8801	0.12873146
8314	0.1516325
30676	0.14741671
628	0.13543329
32109	0.11631132
9169	0.13988172
9334	0.11809899
41440	0.17789598
21	0.15235163
14890	0.14443897
17	0.14254686
8549	0.16338342
29271	0.13700828
4196	0.1392131
75709	0.13982666
4255	0.14817353
39	0.14495142
19049	0.13956973
344	0.13519128
8657	0.1391511
8918	0.14117202
23086	0.1307826
61	0.13845117
23	0.13174611
9868	0.13741213
18239	0.11505654
324	0.17061412
12759	0.14879975
24139	0.15539877
15031	0.15164104
51	0.15250333
8507	0.12378855
14890	0.14102477
49875	0.14249119
3401	0.1625533
19400	0.11621538
11956	0.13255179
628	0.11486837
30676	0.12676619
11564	0.1273435
61059	0.14174724
11917	0.1607069
17	0.15443836
20691	0.16178747
9334	0.13976853
4169	0.17186564
39	0.12999691
185	0.14474133
11725	0.13333598
12006	0.1173516
8594	0.1485639
18017	0.13147904
243	0.12780713
9334	0.14634202
20690	0.15030342
18455	0.11962238
41552	0.12907009
2011	0.14985102
23310	0.15339683
8657	0.14798355
12984	0.122765
15031	0.14076032
12434	0.15121002
18	0.15684608
8549	0.15290245
15275	0.12488139
13	0.11365331
18	0.13229008
324	0.14738587
27673	0.14668201
8314	0.1583006
16117	0.13268405
916	0.14259285
61059	0.14146537
12666	0.1594101
23280	0.1405189
14977	0.123383924
4235	0.1307446
71822	0.14406818
15517	0.16447547
15031	0.15641887
2011	0.15782177
30789	0.15367691
38319	0.13771185
20920	0.12550202
15156	0.14124425
12759	0.15300179
13	0.1296265
4271	0.12967138
21	0.121808015
26019	0.14398287
18	0.1447871
11917	0.14238925
61059	0.14212674
11538	0.15657888
4325	0.12556374
18455	0.1420039
185	0.114070304
29271	0.16007958
8328	0.14792542
61	0.12328784
20562	0.13458584
324	0.15347187
8801	0.15115976
11461	0.16546552
14916	0.12826104
15031	0.14782964
4255	0.14818949
61787	0.14833252
11619	0.1401007
32109	0.14002526
4311	0.13326247
25363	0.1189385
4369	0.13264154
50031	0.15859322
8549	0.1735389
23208	0.13747339
1111	0.136504
18288	0.12558798
18874	0.1500323
17	0.14726295
4916	0.16223557
16117	0.13377962
8918	0.13643974
20	0.14258316
8314	0.14505617
34219	0.14708488
12434	0.14267159
50031	0.15385462
859	0.15977423
61059	0.14787106
8232	0.14643769
20562	0.12966752
13	0.14460856
1817	0.12216079
35	0.13519934
9334	0.14907427
12666	0.15701784
16	0.13062546
17893	0.14755043
17804	0.13741022
8093	0.14640528
18	0.116650626
11956	0.15055996
5975	0.13060081
8070	0.1298701
32109	0.14107741
61	0.1305219
29271	0.15956807
4196	0.15821947
62	0.1503277
8314	0.16416292
8657	0.12754467
20	0.1375365
11564	0.13242315
34240	0.12963693
4369	0.1545086
18239	0.13924345
19049	0.15080862
628	0.13207649
15031	0.12821583
8420	0.15149896
12759	0.14397022
24139	0.1303802
9334	0.14726476
20690	0.14264926
3401	0.11295721
30676	0.13985121
21295	0.12149346
2388	0.14931151
23	0.14837177
61	0.13223445
4271	0.12810762
18239	0.14430928
8549	0.13476105
34219	0.13231863
324	0.13761531
15031	0.15067662
8006	0.14822738
9334	0.14881568
243	0.14962928
16117	0.15188819
4325	0.11858014
18455	0.13195431
4470	0.14024486
12984	0.15074041
20562	0.14018871
18784	0.1641627
50031	0.14247134
4526	0.16316219
29271	0.14725034
11587	0.14506617
4235	0.13894592
61059	0.13345407
11672	0.15281929
17	0.13223477
18168	0.1409821
8787	0.122757114
4169	0.14253369
39	0.13752623
2011	0.13831152
345	0.14930616
13	0.13893405
18288	0.123557135
185	0.14755088
18	0.14439712
15517	0.14923483
18275	0.13231643
5196	0.14207375
11725	0.11484933
12721	0.12042926
9334	0.13664465
9169	0.14297046
8657	0.13711263
16117	0.13802862
18017	0.12962502
38595	0.14104311
26019	0.12795569
30789	0.1524691
35121	0.15263094
33719	0.12741807
2388	0.15634598
8801	0.14923213
8314	0.14615312
20	0.13087662
18653	0.13954732
61787	0.13589892
11564	0.13398625
20562	0.108898506
11930	0.14865583
75577	0.14463596
601	0.16473857
38	0.115318514
25363	0.11865024
51	0.10895948
16	0.1489245
536	0.15855025
23256	0.14559478
8328	0.13076678
