21185	0.7165331
12567	1.1485933
275	0.7809698
21176	0.48822242
195	0.5229533
21	0.4269699
4271	0.47124794
11969	0.380555
33714	0.37424693
12887	0.34611058
15312	0.29111627
11723	0.25995114
8119	0.26561752
186	0.2322276
17	0.3066475
20691	0.31782526
54103	0.27149194
8328	0.29086956
16117	0.26308563
34540	0.27055955
17616	0.2920024
12018	0.20214073
185	0.28210092
87748	0.22365542
19237	0.28283653
25514	0.20888834
8918	0.24037397
61	0.22507973
51930	0.25024608
8069	0.25175324
18455	0.21248697
21	0.20587993
8314	0.2451406
23284	0.19975607
932	0.20088358
35	0.17660418
427	0.19146371
17937	0.21207674
18	0.18086855
8056	0.21508957
13	0.18288448
17804	0.21336833
19049	0.18853578
17	0.1788107
2329	0.2016124
12110	0.17395167
30860	0.19595797
8549	0.15326358
18	0.1815086
9266	0.18852106
17992	0.16512449
4235	0.16365449
11725	0.16180794
16117	0.15060888
20	0.16908285
2388	0.20377934
4470	0.19538312
15949	0.17361614
15031	0.19986679
8314	0.19689861
20987	0.17863004
8657	0.17412181
5196	0.15425943
75709	0.22340399
15433	0.20758943
12759	0.16806898
4541	0.18921289
15251	0.1687986
4284	0.18809989
29158	0.17178431
38	0.14402483
9334	0.17433871
324	0.20577827
20982	0.17546263
8070	0.1694236
8594	0.13274708
15031	0.17579061
61174	0.17687511
16117	0.13739528
20920	0.14414543
15660	0.16156103
61059	0.15429085
2388	0.17911197
32110	0.1488852
20690	0.14386287
50031	0.19208887
8549	0.18535356
9868	0.15342912
18	0.18479879
11449	0.18928881
61	0.13193339
21	0.16844468
17937	0.17321071
628	0.17349389
29271	0.14670828
5412	0.1607066
17	0.16191725
11917	0.17446648
34240	0.1613901
1817	0.16006812
33827	0.15191442
12666	0.15338592
9334	0.15135688
18784	0.15862542
15031	0.16317737
5196	0.1666546
18455	0.14711338
61059	0.1530204
8020	0.1951658
12006	0.1318927
4270	0.16277617
23086	0.14108348
15096	0.1442572
23	0.15560368
4196	0.16285472
71831	0.17270428
8112	0.16799682
18239	0.14463265
324	0.16369952
14808	0.15524948
3401	0.12922311
16117	0.15215382
61787	0.15139616
9659	0.15739036
32109	0.15256207
8549	0.15469639
17	0.16258201
8594	0.17131455
23086	0.14614485
8070	0.16002801
