4235	0.6900687
4325	0.45554492
18862	0.5084165
33756	0.40692627
4616	0.45873073
19236	0.3965056
20	0.32314542
276	0.3194279
11554	0.27110487
12006	0.28489685
20891	0.30174726
16	0.24857327
185	0.31954098
33716	0.25339586
13	0.26348105
18	0.24576785
8127	0.2315469
20784	0.24791034
12320	0.24848193
17	0.20422418
2553	0.2561918
16176	0.23071633
11812	0.2267457
21716	0.178566
16	0.23360983
11621	0.19431959
11600	0.19087213
11723	0.15965982
20563	0.18876131
34632	0.20314644
21	0.15867051
4842	0.17753601
25371	0.17367081
14850	0.16784371
13087	0.14656602
12450	0.180802
8507	0.16172397
8406	0.17793608
548	0.13702223
21046	0.15086588
11	0.14880496
18	0.14871874
8297	0.17062789
15012	0.16105254
1753	0.17341398
21176	0.13680348
17	0.13731204
18361	0.1830155
275	0.12771885
57	0.14135568
23092	0.16939862
19072	0.16919027
12019	0.14014947
4199	0.14354919
17	0.13401948
8602	0.15405409
13087	0.12673034
12955	0.13887472
4271	0.13371488
8105	0.13204321
17784	0.13590227
21716	0.13248232
27540	0.15195554
2148	0.1581497
23140	0.14619477
185	0.12714992
34239	0.13378003
14832	0.13881955
11622	0.12745474
20	0.11809033
61174	0.13329764
20836	0.12662953
201	0.10926276
39	0.11966156
15	0.11796507
20563	0.13926584
34336	0.15053266
8506	0.118389346
11956	0.15348358
44	0.11530143
8685	0.10847579
8328	0.10842608
52088	0.115843534
4941	0.1225715
20988	0.107537664
8140	0.10599036
8507	0.109721996
16153	0.1271748
17	0.11211865
11917	0.1311838
15012	0.13036394
4199	0.13596581
18	0.12261702
1450	0.10633095
18025	0.14423433
30986	0.11622842
548	0.094834514
13087	0.09883261
11917	0.12220146
27540	0.11981754
11899	0.120612815
12	0.10746753
20562	0.10330066
45	0.11189606
4139	0.10902806
15	0.10575948
39	0.11821193
8506	0.09826694
20691	0.12864326
1450	0.09409802
17	0.10851292
33978	0.12001834
8506	0.08920607
985	0.12748542
34221	0.09651527
1481	0.10290181
23518	0.08760579
8932	0.10029916
15481	0.092561975
8070	0.09406641
14832	0.07897546
20	0.10579059
61065	0.087976485
33714	0.115523405
2148	0.11305825
24121	0.09689008
11486	0.1087117
18	0.09663054
11812	0.08868241
57	0.08817759
25711	0.10569348
548	0.10495339
11670	0.098941825
33800	0.094338335
12790	0.09471236
33079	0.08475259
8685	0.09764773
8105	0.085592635
4139	0.09956276
46	0.09762429
17	0.0935018
18361	0.10202889
11	0.10313348
27540	0.09380506
2524	0.121459566
20563	0.10830917
18422	0.10229327
11732	0.09400621
185	0.107594386
20988	0.11038275
18	0.08277988
1769	0.08958964
23698	0.10177726
4199	0.0844678
627	0.08665922
17784	0.08242103
15	0.080559276
4119	0.084573254
13188	0.0903322
17	0.09852915
21716	0.11078069
15012	0.08405348
11917	0.10548327
11732	0.10170271
45	0.10431633
8069	0.08936193
18058	0.08158748
11622	0.079499416
9615	0.08510932
16153	0.10563674
6410	0.091256656
455	0.08264757
33713	0.104283966
17	0.09502416
40065	0.108574755
27540	0.094741166
11486	0.09939417
17	0.08571508
2148	0.09929474
34221	0.08071602
35094	0.08641297
11	0.08884098
20562	0.09270267
19072	0.0993992
35028	0.08490451
4285	0.10172698
57	0.092439815
11732	0.08687569
11670	0.104423486
25371	0.08340187
18	0.07968501
12955	0.09414448
8932	0.07556974
20836	0.0850516
3113	0.09164371
18025	0.088573284
39	0.09052844
8070	0.08083591
27821	0.090089746
16	0.09118618
2524	0.10497968
35028	0.09573587
18361	0.09767043
13	0.07529336
4119	0.09017093
14737	0.08255445
20562	0.07359589
11917	0.10566414
17	0.091360584
8337	0.082287766
20	0.085555114
2100	0.08164646
12568	0.0936103
33758	0.083615676
15481	0.08703373
1769	0.08931482
20636	0.07668372
11622	0.07838467
4301	0.06913078
14832	0.06897914
24121	0.09272694
11486	0.085860826
18	0.07661791
11732	0.07737395
1180	0.10505335
20563	0.09188214
34646	0.08962965
21185	0.06832384
11917	0.09131818
11732	0.084654726
4212	0.08900383
12279	0.077735834
2148	0.088346004
34221	0.08369116
455	0.078047074
17784	0.081017606
4339	0.0775047
27821	0.07385275
15012	0.100544415
34494	0.08434813
34218	0.07456944
11554	0.07654488
394	0.08272608
18444	0.07138772
20	0.08285523
548	0.080021806
19072	0.084391326
34239	0.09322402
39	0.0828669
11600	0.088705026
13	0.095682904
20563	0.06700364
12190	0.09342318
17	0.08750523
20691	0.08416179
4119	0.070667796
16153	0.0762195
627	0.08571889
18058	0.07813446
20836	0.06684519
2937	0.09160917
8213	0.07653338
4199	0.0896289
33713	0.081814304
18	0.09092739
11	0.0722454
11622	0.06693013
14968	0.07448425
185	0.083572105
34221	0.080002606
35107	0.08107742
44	0.070925385
8141	0.071264
33758	0.08505794
2148	0.07516126
11732	0.079046965
12190	0.09170365
17	0.08661406
13188	0.090045996
8328	0.06636308
17	0.069224305
18422	0.08602415
11732	0.08224251
4545	0.09290704
8506	0.07750827
4660	0.086530596
20562	0.07903251
15	0.088586666
4301	0.07603794
20988	0.07663816
46	0.065354474
27506	0.08470927
1450	0.08047145
8932	0.06572693
15709	0.07387588
18245	0.082330994
11486	0.084389165
17	0.07830793
8337	0.08685164
13087	0.08123937
4285	0.0820477
21046	0.06891937
548	0.083735324
32964	0.06859069
23671	0.06947372
8213	0.08143703
18	0.073529005
11	0.07246897
35107	0.069166124
14832	0.068888105
20563	0.09231272
27536	0.083215386
6410	0.06621581
18015	0.0627338
11957	0.06783561
35028	0.0839074
4212	0.08765716
8506	0.074235626
8068	0.08501932
35028	0.07530669
185	0.08266141
23140	0.069012314
45	0.07799522
18025	0.08299021
11899	0.07414524
222	0.06641971
51	0.082247876
16	0.0667314
4545	0.07697467
8506	0.07566505
18422	0.08450887
4640	0.07765179
34221	0.0654517
57	0.077197716
4616	0.0678864
39	0.06970564
20	0.07184519
455	0.080530256
32954	0.071631975
19072	0.079675965
17805	0.0725642
15	0.08582237
2937	0.06614684
33758	0.074441984
20891	0.07827617
38020	0.07197073
11486	0.06770168
17	0.080661036
3787	0.08666022
12019	0.08302439
45	0.07219742
195	0.06888514
21046	0.07575152
18	0.06836398
25371	0.06904917
61174	0.09072624
34336	0.06939326
8506	0.09964774
11917	0.08330309
35028	0.07603789
27821	0.086352445
627	0.08125224
11	0.067941554
62	0.065880924
548	0.071047746
11812	0.073127665
20891	0.07098843
8213	0.0799226
4212	0.07541614
25371	0.08406673
61065	0.07119251
17784	0.06860727
8932	0.067065515
18444	0.07486737
17	0.07767144
4301	0.08118901
14832	0.07800964
18	0.07023556
4139	0.06661596
13188	0.071465746
17	0.06567582
12790	0.07905618
33754	0.07970666
11600	0.071720496
12	0.0852741
548	0.07113989
21046	0.06405802
11622	0.06955043
1769	0.074682236
20562	0.0781598
38389	0.08486669
8341	0.08110088
14991	0.07857883
44	0.05979981
11667	0.064817466
21185	0.080777034
8337	0.08038482
35028	0.07929814
11917	0.08686482
15012	0.07806696
2148	0.07959631
33758	0.08181369
16153	0.07295677
394	0.07496152
18	0.07195334
41	0.06925342
8932	0.066080935
20	0.06462994
34633	0.07508443
23698	0.0829586
185	0.07983497
34221	0.08362697
15	0.075890735
20562	0.06882183
4199	0.0770133
16	0.0640425
34336	0.08103104
4220	0.078017294
18444	0.06933448
35028	0.080209896
2937	0.08956173
57	0.064209856
20562	0.07435019
45	0.07383274
18025	0.06642044
4660	0.07046868
11732	0.08189456
12190	0.085030034
17	0.07745263
11486	0.0837694
11732	0.07123815
18422	0.08201907
11600	0.07143991
13087	0.06909932
612	0.07749235
27821	0.075248346
18015	0.06903355
4119	0.07642345
17876	0.08566888
12	0.06572008
8507	0.06400143
8140	0.078109436
18	0.06039405
39	0.06602187
8069	0.06893266
34218	0.072125085
80786	0.07985514
34221	0.06892705
185	0.07014579
8506	0.08119042
1180	0.08181511
12279	0.07262667
11957	0.07871573
17784	0.0594617
548	0.058434658
11812	0.07249382
20681	0.06257836
17	0.07548928
2148	0.07412299
34239	0.079163186
11917	0.080409534
20563	0.07750547
16153	0.07369049
4301	0.065952756
15012	0.066707306
11554	0.07769757
34633	0.063522555
18058	0.066787675
18	0.063640445
20988	0.06507249
455	0.06524578
33758	0.07039713
13	0.07484212
4119	0.07070164
13811	0.0763746
8506	0.075346634
3787	0.07612789
12279	0.07080134
18422	0.076740116
627	0.06995481
32089	0.059743218
11	0.05687808
16	0.06531885
11486	0.08172249
17	0.067167506
1769	0.07600866
11622	0.08054294
27821	0.071596496
20	0.07712084
19236	0.06628379
35028	0.06691319
8337	0.0816054
30682	0.07272363
8105	0.07575086
4199	0.07223225
20836	0.07407982
548	0.078531094
18	0.056931537
13188	0.05829501
17	0.076514296
4660	0.07825609
15012	0.079360396
11917	0.076672986
25371	0.08025909
34646	0.070821464
11600	0.0632543
8213	0.05850306
4212	0.07178788
27540	0.073384866
20891	0.076097995
23698	0.057302292
612	0.0815731
18444	0.0681022
27540	0.069727935
45	0.078132324
11	0.069546334
8506	0.07141288
14832	0.07935307
15	0.063272364
35028	0.072498724
3787	0.08258512
17805	0.07600979
8068	0.08198209
8506	0.0728288
185	0.07368427
20988	0.062542595
8328	0.06421148
1769	0.05398476
23140	0.072202995
27536	0.062897965
44	0.06780126
39	0.06162521
18025	0.06639288
34506	0.07213695
34221	0.06085894
1450	0.069009714
18	0.06932327
12721	0.061589375
12019	0.07560387
19072	0.07547493
2323	0.07428259
33758	0.051787972
11670	0.08160383
16	0.07359455
11486	0.07238533
17	0.06093931
57	0.07783889
8069	0.0677311
20562	0.059577268
34336	0.085044615
548	0.06725958
4119	0.06304973
15	0.07059716
17784	0.06699207
51	0.06676702
20563	0.0806058
2148	0.0773834
11732	0.0672973
18422	0.0865317
27540	0.07252048
4660	0.07531233
8506	0.07223833
8068	0.076289505
24121	0.06718007
23207	0.065974645
11	0.06492469
17	0.063652255
4962	0.07849854
8213	0.06692174
27821	0.07040738
6410	0.066988625
11812	0.05811579
46	0.059136074
34239	0.070949435
1769	0.07303357
20681	0.067686275
35028	0.07573718
1180	0.08140629
33142	0.074809834
39	0.06355342
18	0.06862785
8932	0.058596376
12735	0.061370794
4139	0.064653195
11899	0.06334888
13087	0.06555198
15	0.070845366
61174	0.052777745
20	0.070030004
33978	0.06556102
222	0.06790149
11917	0.078132935
16	0.07413512
13811	0.069043465
18025	0.07008943
1450	0.069532126
11622	0.064048216
23239	0.0633159
3787	0.0735749
25371	0.0732345
4301	0.06667449
19072	0.072396725
222	0.07398097
45	0.0743879
34221	0.06423151
8105	0.074537344
33754	0.058162272
35094	0.075159624
23140	0.070317805
4285	0.06827861
4220	0.061594278
12	0.06599732
33762	0.06717991
18	0.06265104
41	0.063448854
394	0.063219
16153	0.06461753
17805	0.08388387
185	0.07861988
8213	0.06878932
27821	0.0772181
44	0.06976718
8932	0.055824224
33758	0.059798647
4212	0.0803164
17	0.07388468
4545	0.080684274
35028	0.077655874
11917	0.07690051
8506	0.0694124
18422	0.07201646
20562	0.061757874
2937	0.063926384
11	0.058328427
21046	0.060473807
548	0.07617881
12721	0.05819904
17	0.07726748
4199	0.077011354
20836	0.062092956
18	0.06292503
13188	0.06082754
25371	0.073462725
15	0.07547949
963	0.06338732
18444	0.06479171
62	0.067161255
33713	0.0552661
34494	0.06407742
15012	0.072950795
3787	0.07005964
27540	0.0719427
12190	0.06924351
25371	0.06612961
8069	0.065685384
11554	0.07033406
612	0.056325283
33754	0.057366017
33064	0.055922303
18	0.05915948
57	0.06073707
4139	0.0629325
61174	0.065629244
20	0.060817987
16153	0.07441132
18043	0.06855339
20891	0.07493602
1769	0.05893475
18533	0.07551281
8093	0.07444511
14832	0.059527375
17	0.074303344
11486	0.08005929
8213	0.068447255
4660	0.06919841
20562	0.077640004
2148	0.06539135
24121	0.06914059
8337	0.069765985
18025	0.06909185
4616	0.06566918
19072	0.07523214
17	0.074798286
8407	0.072622605
33714	0.065209895
45	0.06712076
222	0.060325958
185	0.07153838
34221	0.056508336
8119	0.06764973
15709	0.06511671
4550	0.06859252
11	0.061048467
18	0.053240497
11812	0.053684242
4285	0.059542295
25371	0.07564993
11486	0.07135894
20	0.06323875
455	0.0738259
34221	0.07127433
8932	0.070735686
11613	0.065463565
17	0.061253533
4212	0.08134804
140	0.06763104
15459	0.07551634
4310	0.06214128
4119	0.06088005
13	0.07412031
18257	0.06497379
35107	0.056147166
33142	0.06836533
51	0.07269033
17805	0.068964384
4545	0.077762365
16	0.07628081
27821	0.076461464
4301	0.06297533
11554	0.060291987
11732	0.07380102
4660	0.07680892
27540	0.06751862
4284	0.07254966
11732	0.06324868
33881	0.074391186
18	0.07281984
8213	0.06465618
11486	0.07239647
17	0.06665008
8141	0.07203602
44	0.06571512
548	0.059752
11812	0.070740655
41	0.06757283
17784	0.05864615
2937	0.06526901
18058	0.061294556
11622	0.06380825
1657	0.06012664
15	0.060180124
20836	0.065499954
11917	0.061724946
34239	0.083206
2148	0.07227929
15012	0.066616796
3787	0.070063576
20562	0.07247237
13811	0.063187115
17	0.06737696
18422	0.06652476
548	0.066369295
18015	0.06844221
8341	0.057589594
51	0.07193682
12019	0.062366996
13188	0.0678139
8069	0.060312696
17	0.06186501
11917	0.07679072
11732	0.070407845
27821	0.076829314
8932	0.067621306
4119	0.060085997
57	0.06585496
18	0.060146302
34221	0.058097217
455	0.08026076
33758	0.06481951
8070	0.070056476
11486	0.062287595
16	0.067012034
38389	0.07096413
35028	0.06839475
19236	0.073120095
612	0.073563166
24121	0.060764942
8337	0.07153554
20	0.07220387
18444	0.06386244
18025	0.06414432
2148	0.06753341
27540	0.06434629
17921	0.0726995
8328	0.06644283
39	0.062099274
1769	0.06329873
15012	0.076305576
4660	0.0702742
23698	0.071108036
18	0.05865654
34632	0.057048116
30682	0.07250604
11917	0.07630542
35028	0.072426945
13811	0.07654923
11732	0.06712941
4212	0.06829738
15047	0.060156077
33881	0.07064063
4220	0.064401574
15709	0.059582826
963	0.060562156
33714	0.060851708
15	0.07739127
11899	0.05405581
20563	0.06832072
19072	0.06908505
44	0.05839255
12	0.061719995
140	0.062454436
11670	0.07716799
27540	0.06492448
1450	0.077305175
39	0.06931144
33754	0.06637645
14832	0.05968207
16	0.06398146
4255	0.070535615
11732	0.06580908
2148	0.07215909
18025	0.05841981
4199	0.068293944
23518	0.05791984
1769	0.064251214
20988	0.062454227
18	0.07231297
11	0.076844804
8932	0.063329294
11600	0.06409624
24121	0.062181126
16153	0.074392214
20	0.059758928
11622	0.0665234
455	0.068702094
30789	0.069034375
248	0.07108285
13087	0.06193916
12721	0.076017775
11554	0.053908028
34732	0.06306361
4660	0.07563461
20562	0.06679743
185	0.060897198
34221	0.062115595
57	0.062706515
4616	0.06134517
17	0.05461609
11486	0.077912495
17	0.06395151
45	0.07772313
222	0.06423785
18422	0.08173595
11732	0.065234326
33881	0.075992994
6410	0.07191943
29386	0.054597225
4962	0.062053576
140	0.06355059
20681	0.06732195
17	0.055885952
11917	0.073610194
15047	0.06685604
16153	0.07341471
612	0.061528508
4119	0.06298873
21176	0.06552149
12019	0.062270544
13188	0.06802818
15	0.064824015
35028	0.07194007
3787	0.06820149
33800	0.06733419
2937	0.06404659
18015	0.060874667
4161	0.06399137
18	0.059557162
12721	0.061709195
8328	0.057646908
34221	0.065823555
8069	0.06616313
455	0.057810687
32954	0.062188603
51	0.06394364
15012	0.06989034
33881	0.07043788
292	0.06544427
32089	0.058161955
196	0.050459262
21046	0.06379629
12	0.05782582
18043	0.052462384
185	0.081338465
20988	0.061545424
18	0.057755727
11	0.06024676
4139	0.06452318
45	0.07084247
17805	0.067020684
18361	0.07842864
17	0.056936216
15459	0.07871562
627	0.06470949
11812	0.056220785
548	0.061448973
21176	0.06405471
20	0.07084997
13188	0.063165426
16	0.06733632
11917	0.07915733
34732	0.0719012
4545	0.07410161
17	0.067907214
57	0.07074619
4301	0.057766985
33800	0.0673557
11670	0.07309743
20563	0.06424807
4199	0.07100301
4339	0.05980774
21185	0.060482256
19236	0.0790201
17	0.05444629
11486	0.069861315
195	0.058878273
17	0.059369344
11723	0.07209753
11622	0.05522906
13087	0.056182273
4212	0.07297722
30682	0.065637134
455	0.07124689
11	0.05932324
33762	0.06445654
1769	0.06525154
23698	0.059242982
18	0.06711347
196	0.062246233
33978	0.061349023
16	0.068401664
20891	0.07157728
34219	0.055759024
1450	0.06931486
41	0.05623181
8213	0.053726804
27821	0.06929307
627	0.059185587
21046	0.058668096
44	0.059167214
15	0.064662725
4119	0.06243555
11486	0.07204299
27540	0.07530121
1180	0.07284359
18025	0.071357906
4270	0.06363048
17784	0.06446634
61065	0.061352342
18043	0.06861684
4660	0.069402084
33714	0.06996419
4326	0.06482857
11554	0.065741405
20	0.0663873
14832	0.071440734
8069	0.058749665
17	0.060187045
11917	0.08345565
20563	0.074797824
18444	0.07385326
8932	0.054190658
33754	0.056269575
18	0.060299277
4161	0.063201986
8141	0.060091864
34221	0.06749383
35107	0.062107645
18015	0.06639826
1769	0.05940846
8328	0.05699669
18058	0.06831693
2148	0.052935295
34732	0.07248552
19072	0.07547473
34239	0.057911664
11670	0.070459515
11732	0.0661989
4545	0.07462386
16	0.06794936
57	0.06999907
4616	0.058311187
11667	0.056868713
20562	0.07661832
185	0.06844336
23698	0.07156462
11622	0.058655906
11	0.06075396
548	0.0632168
20988	0.06488056
18	0.064888775
11812	0.06268963
248	0.061467897
15012	0.06011591
8407	0.073761314
35028	0.06396966
3787	0.07548139
25371	0.073852025
11917	0.063054204
20	0.06846103
16153	0.053354885
17805	0.065134235
8068	0.0690012
8213	0.06892248
61174	0.061489716
8105	0.057311542
20836	0.06267969
20681	0.0651536
17	0.07095968
11899	0.06720664
8932	0.06514423
18058	0.05993856
1465	0.06231638
33800	0.07148615
455	0.061954748
11	0.06330408
17	0.064235695
51	0.069829024
18015	0.06739644
195	0.05955166
20836	0.057950947
45	0.06090601
27540	0.06405519
18422	0.07646647
35028	0.06537079
185	0.073209174
34221	0.05388716
4301	0.06264941
15709	0.05828912
4310	0.058951013
13188	0.055268127
16	0.075529926
4545	0.07320711
11732	0.06644617
15	0.07948213
39	0.061766617
20562	0.054771725
20681	0.07952809
1450	0.059300106
222	0.07193919
19072	0.07846563
15012	0.06441766
4660	0.06760876
34239	0.065808974
17736	0.060154546
17	0.071606256
11917	0.06920064
11732	0.06942268
3787	0.07150434
25371	0.06727876
2148	0.05668478
12019	0.059874266
15459	0.06113408
18	0.06713489
4550	0.067212164
4139	0.056828815
27821	0.073405705
8213	0.06097107
11486	0.069126785
20	0.06284115
12	0.061488137
4119	0.065858305
4212	0.069706365
33800	0.067689866
1769	0.06446125
32974	0.05785486
15	0.06522668
20562	0.057167962
45	0.07265472
8069	0.06237673
23239	0.053883895
33881	0.06907643
292	0.071024634
18257	0.055767555
17	0.053447288
51	0.07432061
18025	0.06035871
11554	0.062968604
548	0.05605899
15709	0.058384966
11732	0.05937919
4660	0.07404425
8341	0.06508918
11622	0.07307024
34336	0.057724822
27540	0.06472861
8337	0.07011129
15047	0.06700943
8068	0.07293936
15047	0.06487349
4212	0.0715125
15047	0.0621986
3787	0.06900156
15047	0.06178732
18422	0.069533266
18	0.059536476
140	0.06015333
17736	0.07385424
34732	0.066609286
34632	0.07342732
20988	0.05566081
11	0.055262685
35107	0.05922911
18043	0.06308746
11917	0.07136514
30682	0.069239154
12721	0.06790482
8070	0.055860475
13	0.0585046
20562	0.06427061
4361	0.06638845
17805	0.061799064
19236	0.069116086
8932	0.069907345
44	0.056530803
4119	0.056692444
27821	0.06799322
612	0.055079173
23698	0.07226025
1450	0.06520026
34221	0.0609277
18	0.06882334
41	0.065667346
196	0.06824917
11812	0.060357705
11899	0.058718238
18025	0.075803876
46	0.06982617
1657	0.06340559
14	0.06392712
20	0.055910736
12190	0.0660367
13087	0.0728879
20691	0.066245474
8507	0.06378511
4255	0.06522993
33758	0.062615275
185	0.06507134
16	0.06122859
33881	0.069434196
4640	0.06378087
32964	0.052352034
35094	0.059900336
32954	0.059733275
8069	0.058583226
18	0.058867674
4199	0.061098002
23518	0.06507652
548	0.059213225
11	0.06266082
33079	0.060321413
12568	0.059222437
18043	0.061081965
45	0.07537431
25371	0.058455817
2148	0.06859226
12526	0.06399677
11670	0.073829144
20	0.06298699
1769	0.058033217
19236	0.054630462
20563	0.06858592
1180	0.06322929
8506	0.066680126
11917	0.06960883
16	0.06409515
11486	0.06760605
17	0.06397899
8407	0.068692274
34221	0.06352613
1450	0.06187981
11622	0.067368776
8341	0.058370646
14991	0.06649736
4301	0.06039854
39	0.061083388
4220	0.058881875
15	0.055239417
33758	0.06914287
16153	0.06770856
38020	0.06320871
13	0.057903968
20562	0.057624016
18361	0.07464753
18	0.060039323
4139	0.05961822
34336	0.07060973
8213	0.06355626
1769	0.07075566
18444	0.057058167
35028	0.0632585
17736	0.073105104
11732	0.06577987
3787	0.06977366
34239	0.06849996
8105	0.06959338
4199	0.063974634
17	0.064617105
8068	0.07452574
15012	0.073071785
11917	0.06548908
20988	0.06783665
44	0.05678705
8328	0.062644094
23239	0.056123406
185	0.07768016
18245	0.060070667
4660	0.069567494
15047	0.06856518
18422	0.06870568
8506	0.05852316
4212	0.069482386
15047	0.06012886
17736	0.06962973
17	0.064099915
11486	0.06583207
963	0.05966842
11	0.059694767
20988	0.05841
18	0.06374472
455	0.058530368
34219	0.072600596
57	0.061650764
8685	0.0531353
23518	0.056542724
548	0.07239987
27821	0.07397213
20563	0.07026104
14832	0.0656306
35107	0.05152275
17784	0.06888514
8932	0.05783394
62	0.052911542
34632	0.06377934
17	0.07053727
11917	0.07053556
12019	0.066926226
18444	0.06179201
4616	0.06108144
20	0.05629402
19247	0.07270698
8213	0.06498357
20891	0.060838092
13087	0.06104029
45	0.07208122
34239	0.061897032
2148	0.06954058
27540	0.06421305
51	0.07110757
18025	0.058722638
15	0.06137997
39	0.052587792
1450	0.057711013
20562	0.07543055
4660	0.06504344
11732	0.0673694
17736	0.07441584
15047	0.06596984
18422	0.06879004
8506	0.058461383
8337	0.067335024
15047	0.061693862
20681	0.06790732
18	0.054004237
34221	0.052887358
248	0.065911695
222	0.0598015
11554	0.07567765
612	0.053828932
21046	0.06298227
8141	0.054352842
35028	0.064583115
4212	0.0698992
15047	0.06153757
185	0.06873753
17784	0.06632858
15709	0.058433704
627	0.06267276
11	0.05990705
20988	0.063457936
35107	0.0616759
33800	0.06392172
11899	0.071211584
4550	0.055211984
11812	0.058310818
12	0.06100737
18	0.05500688
18058	0.061767038
4285	0.06404753
4119	0.06056744
11622	0.064715885
34218	0.06321417
455	0.06637885
33142	0.05822435
3787	0.06257952
17805	0.07217777
11917	0.070560046
17	0.068820685
11486	0.066496894
2323	0.060558513
57	0.060828965
29386	0.06519195
4301	0.060689718
18444	0.06048775
16	0.060733743
16153	0.06881378
4310	0.060446132
39	0.05414835
11600	0.05699717
20	0.05332992
27536	0.06364328
8932	0.059641603
13087	0.058439165
8141	0.068107456
1657	0.060563106
23671	0.054458156
11732	0.070160404
4660	0.06971975
33714	0.064303786
18	0.06112606
1769	0.06536164
32089	0.06498064
13	0.06393289
33079	0.057856135
4139	0.055650357
2148	0.070483536
21185	0.068154424
20891	0.06981513
8213	0.052035276
33881	0.062112223
17	0.06269058
4962	0.06809071
61514	0.06251645
4545	0.07081981
18025	0.06690745
15	0.055311248
44	0.059977103
15446	0.05424499
20562	0.07130788
4199	0.06910794
17	0.06401376
11917	0.0677033
8506	0.06337976
185	0.06852771
34221	0.06697664
8105	0.06698138
548	0.05623847
21046	0.071231954
61174	0.064942166
17784	0.053176887
14991	0.052372858
195	0.052814428
32974	0.060838304
4285	0.06237573
23239	0.06119294
4212	0.06245612
8506	0.06776722
2884	0.069160834
35028	0.06576132
11486	0.06832114
17	0.060599912
16153	0.06816488
4301	0.06167653
31395	0.05924997
612	0.05890667
11812	0.056216523
8947	0.05850688
13087	0.054884218
45	0.07080677
33142	0.059173036
4660	0.06083482
4220	0.067671284
18	0.05915429
11	0.062189337
25371	0.065585695
18444	0.07564799
11600	0.06564947
4139	0.061048944
8140	0.06620454
1769	0.05328031
32964	0.06180059
15	0.05708066
21185	0.061490666
4255	0.06785799
34732	0.060230482
2148	0.07012683
12019	0.05752898
14832	0.07134194
18	0.06288961
41	0.058579624
8200	0.06655622
1450	0.07718214
8328	0.05904636
33754	0.07323069
11622	0.06314866
20	0.052762993
15446	0.076587126
8213	0.064631194
33881	0.05774171
4616	0.06510112
33714	0.062914416
4284	0.065081075
13087	0.063189216
11917	0.062845305
222	0.067430764
46	0.0664028
